4 0.330000 0.196000 0.060000 0.264000
4 0.408000 0.170667 0.080000 0.336000
4 0.491000 0.169333 0.078000 0.333333
4 0.575000 0.169333 0.082000 0.338667
4 0.662000 0.168000 0.080000 0.330667
4 0.745000 0.168000 0.082000 0.336000
4 0.830000 0.170667 0.080000 0.336000
4 0.908000 0.166667 0.068000 0.333333
4 0.971000 0.165333 0.054000 0.330667
4 0.074000 0.733333 0.136000 0.512000
4 0.189000 0.729333 0.134000 0.498667
4 0.223000 0.565333 0.078000 0.282667
4 0.305000 0.705333 0.122000 0.509333
4 0.346000 0.508000 0.072000 0.168000
4 0.422000 0.718667 0.116000 0.514667
4 0.595000 0.536000 0.070000 0.186667
4 0.712000 0.541333 0.068000 0.197333
4 0.714000 0.496000 0.084000 0.202667
4 0.529000 0.721333 0.118000 0.498667
4 0.643000 0.720000 0.110000 0.501333
4 0.762000 0.722667 0.120000 0.490667
4 0.880000 0.701333 0.120000 0.538667
4 0.966000 0.725333 0.064000 0.490667
