14 0.340000 0.494565 0.048000 0.170290
14 0.041000 0.585145 0.034000 0.090580
14 0.113000 0.672101 0.054000 0.199275
14 0.170000 0.686594 0.084000 0.184783
8 0.134000 0.871377 0.092000 0.242754
14 0.301000 0.695652 0.066000 0.282609
14 0.434000 0.827899 0.056000 0.329710
14 0.512000 0.813406 0.096000 0.358696
14 0.447000 0.650362 0.054000 0.242754
14 0.510000 0.601449 0.032000 0.202899
14 0.551000 0.614130 0.026000 0.206522
14 0.579000 0.632246 0.046000 0.206522
14 0.630000 0.623188 0.044000 0.188406
14 0.672000 0.601449 0.028000 0.217391
14 0.697000 0.625000 0.034000 0.192029
14 0.718000 0.726449 0.040000 0.322464
14 0.802000 0.677536 0.052000 0.268116
14 0.765000 0.626812 0.026000 0.239130
14 0.845000 0.753623 0.034000 0.369565
14 0.857000 0.583333 0.034000 0.152174
14 0.903000 0.548913 0.034000 0.097826
14 0.966000 0.614130 0.048000 0.105072
6 0.289000 0.617754 0.386000 0.264493
14 0.980000 0.829710 0.036000 0.326087
14 0.913000 0.833333 0.114000 0.318841
14 0.707000 0.938406 0.090000 0.115942
