4 0.083000 0.597333 0.074000 0.261333
4 0.220000 0.546667 0.068000 0.298667
4 0.297000 0.522667 0.070000 0.250667
4 0.368000 0.513333 0.056000 0.216000
4 0.428000 0.502667 0.064000 0.205333
4 0.492000 0.526667 0.048000 0.221333
4 0.545000 0.548000 0.050000 0.285333
4 0.602000 0.554667 0.056000 0.288000
4 0.660000 0.561333 0.060000 0.290667
4 0.722000 0.562667 0.052000 0.288000
4 0.784000 0.573333 0.068000 0.282667
4 0.486000 0.817333 0.140000 0.354667
4 0.604000 0.846667 0.132000 0.301333
14 0.131000 0.300000 0.218000 0.418667
14 0.313000 0.186667 0.094000 0.261333
14 0.661000 0.312000 0.170000 0.288000
14 0.434000 0.390667 0.180000 0.274667
14 0.670000 0.421333 0.156000 0.240000
14 0.798000 0.320000 0.108000 0.282667
14 0.719000 0.293333 0.114000 0.266667
14 0.438000 0.280000 0.228000 0.330667
14 0.926000 0.300000 0.116000 0.210667
14 0.862000 0.292000 0.068000 0.168000
14 0.297000 0.282667 0.114000 0.186667
14 0.035000 0.197333 0.070000 0.394667
