8 0.863000 0.814667 0.158000 0.365333
8 0.661000 0.742667 0.146000 0.322667
8 0.377000 0.736000 0.162000 0.336000
8 0.357000 0.702667 0.114000 0.317333
8 0.121000 0.788000 0.182000 0.296000
14 0.415000 0.520000 0.106000 0.208000
14 0.376000 0.436000 0.076000 0.114667
14 0.288000 0.457333 0.100000 0.146667
14 0.219000 0.453333 0.090000 0.176000
14 0.176000 0.554667 0.068000 0.149333
14 0.113000 0.470667 0.038000 0.088000
14 0.132000 0.653333 0.248000 0.554667
14 0.609000 0.457333 0.058000 0.136000
14 0.640000 0.481333 0.108000 0.157333
14 0.705000 0.657333 0.158000 0.418667
14 0.968000 0.645333 0.060000 0.389333
14 0.832000 0.689333 0.248000 0.552000
