5 0.029000 0.348348 0.058000 0.318318
5 0.089000 0.364865 0.062000 0.141141
14 0.235000 0.548048 0.074000 0.321321
14 0.330000 0.563063 0.060000 0.345345
14 0.370000 0.507508 0.028000 0.222222
14 0.422000 0.630631 0.076000 0.456456
14 0.481000 0.591592 0.050000 0.360360
14 0.551000 0.596096 0.086000 0.471471
14 0.600000 0.629129 0.088000 0.471471
14 0.638000 0.666667 0.076000 0.558559
14 0.678000 0.672673 0.088000 0.648649
14 0.730000 0.692192 0.136000 0.603604
14 0.827000 0.684685 0.138000 0.624625
14 0.925000 0.684685 0.146000 0.624625
