15 0.507000 0.198667 0.102000 0.072000
15 0.464000 0.352000 0.092000 0.090667
15 0.307000 0.357333 0.118000 0.170667
15 0.375000 0.433333 0.102000 0.178667
15 0.494000 0.537333 0.180000 0.317333
15 0.644000 0.428000 0.184000 0.392000
15 0.816000 0.620000 0.216000 0.440000
15 0.119000 0.626667 0.166000 0.352000
15 0.025000 0.757333 0.050000 0.320000
15 0.067000 0.393333 0.134000 0.168000
15 0.063000 0.481333 0.126000 0.146667
15 0.150000 0.330667 0.044000 0.133333
15 0.087000 0.301333 0.046000 0.106667
15 0.086000 0.156000 0.072000 0.162667
15 0.030000 0.149333 0.056000 0.154667
15 0.957000 0.637333 0.082000 0.330667
15 0.947000 0.294667 0.082000 0.178667
15 0.948000 0.452000 0.100000 0.152000
