1 0.386000 0.765363 0.104000 0.201117
14 0.383000 0.650838 0.110000 0.379888
14 0.164000 0.642458 0.112000 0.307263
14 0.541000 0.641061 0.102000 0.354749
14 0.702000 0.621508 0.116000 0.382682
14 0.094000 0.682961 0.068000 0.332402
14 0.023000 0.660615 0.046000 0.354749
14 0.826000 0.567039 0.052000 0.256983
14 0.881000 0.575419 0.050000 0.268156
14 0.924000 0.564246 0.044000 0.273743
14 0.963000 0.555866 0.058000 0.279330
5 0.532000 0.526536 0.204000 0.270950
5 0.669000 0.520950 0.306000 0.310056
