6 0.329000 0.484000 0.074000 0.066667
6 0.261000 0.494667 0.074000 0.088000
14 0.698000 0.537333 0.032000 0.098667
14 0.238000 0.504000 0.048000 0.053333
14 0.304000 0.537333 0.044000 0.136000
14 0.411000 0.545333 0.042000 0.120000
13 0.104000 0.698667 0.124000 0.197333
13 0.251000 0.721333 0.114000 0.200000
13 0.389000 0.784000 0.118000 0.245333
13 0.562000 0.854667 0.152000 0.269333
13 0.476000 0.629333 0.092000 0.154667
13 0.194000 0.645333 0.076000 0.160000
14 0.568000 0.762667 0.116000 0.304000
14 0.395000 0.710667 0.086000 0.248000
14 0.255000 0.648000 0.098000 0.213333
14 0.117000 0.632000 0.094000 0.224000
14 0.196000 0.593333 0.064000 0.173333
6 0.870000 0.690667 0.256000 0.341333
14 0.029000 0.532000 0.038000 0.130667
14 0.072000 0.520000 0.044000 0.069333
14 0.146000 0.493333 0.036000 0.058667
14 0.474000 0.584000 0.064000 0.160000
