6 0.498000 0.546667 0.996000 0.794667
14 0.709000 0.182667 0.070000 0.328000
14 0.847000 0.182667 0.082000 0.333333
14 0.891000 0.364000 0.110000 0.157333
14 0.786000 0.166667 0.068000 0.221333
14 0.930000 0.204000 0.088000 0.258667
14 0.604000 0.108000 0.068000 0.125333
14 0.384000 0.104000 0.056000 0.090667
14 0.315000 0.108000 0.062000 0.077333
14 0.252000 0.094667 0.036000 0.114667
14 0.088000 0.162667 0.064000 0.154667
14 0.655000 0.117333 0.050000 0.138667
14 0.758000 0.161333 0.052000 0.226667
