1 0.519000 0.618263 0.102000 0.278443
1 0.922000 0.630240 0.092000 0.296407
1 0.603000 0.591317 0.086000 0.236527
1 0.671000 0.541916 0.050000 0.227545
1 0.394000 0.675150 0.104000 0.302395
1 0.198000 0.453593 0.068000 0.152695
14 0.910000 0.497006 0.104000 0.443114
14 0.510000 0.474551 0.096000 0.386228
14 0.598000 0.464072 0.084000 0.335329
14 0.196000 0.384731 0.064000 0.230539
14 0.640000 0.356287 0.068000 0.191617
14 0.723000 0.420659 0.062000 0.338323
14 0.770000 0.404192 0.040000 0.329341
14 0.936000 0.314371 0.056000 0.191617
14 0.687000 0.399701 0.058000 0.314371
14 0.114000 0.495509 0.088000 0.470060
14 0.284000 0.354790 0.044000 0.224551
14 0.056000 0.456587 0.072000 0.440120
14 0.491000 0.267964 0.018000 0.056886
14 0.463000 0.242515 0.022000 0.053892
14 0.444000 0.285928 0.040000 0.116766
14 0.242000 0.357784 0.052000 0.218563
