5 0.559000 0.389000 0.070000 0.122000
5 0.348000 0.356000 0.356000 0.480000
6 0.120000 0.471000 0.100000 0.086000
6 0.055000 0.469000 0.110000 0.122000
14 0.381000 0.715000 0.286000 0.566000
14 0.482000 0.634000 0.084000 0.360000
14 0.525000 0.444000 0.074000 0.144000
14 0.591000 0.721000 0.174000 0.546000
14 0.765000 0.814000 0.354000 0.368000
14 0.883000 0.699000 0.166000 0.598000
14 0.818000 0.386000 0.076000 0.092000
14 0.744000 0.518000 0.156000 0.244000
14 0.664000 0.469000 0.084000 0.138000
