14 0.140000 0.404762 0.096000 0.228070
14 0.313000 0.424812 0.114000 0.323308
14 0.497000 0.392231 0.114000 0.358396
14 0.665000 0.317043 0.150000 0.187970
14 0.117000 0.523810 0.118000 0.180451
14 0.224000 0.518797 0.084000 0.125313
14 0.399000 0.543860 0.094000 0.265664
14 0.684000 0.477444 0.124000 0.203008
14 0.821000 0.444862 0.098000 0.157895
12 0.046000 0.756892 0.088000 0.406015
12 0.129000 0.741855 0.230000 0.395990
12 0.253000 0.756892 0.130000 0.350877
12 0.392000 0.706767 0.196000 0.370927
12 0.644000 0.662907 0.308000 0.408521
12 0.791000 0.636591 0.314000 0.416040
