4 0.306000 0.436937 0.076000 0.291291
4 0.252000 0.503003 0.036000 0.159159
8 0.868000 0.722222 0.260000 0.513514
8 0.766000 0.594595 0.180000 0.444444
14 0.269000 0.202703 0.058000 0.231231
14 0.328000 0.189189 0.068000 0.252252
14 0.444000 0.153153 0.088000 0.204204
14 0.529000 0.162162 0.090000 0.192192
14 0.681000 0.563063 0.238000 0.597598
14 0.549000 0.387387 0.134000 0.270270
14 0.241000 0.606607 0.354000 0.780781
14 0.481000 0.385886 0.086000 0.285285
14 0.434000 0.375375 0.084000 0.294294
