15 0.089000 0.490698 0.058000 0.144186
15 0.146000 0.495349 0.052000 0.144186
15 0.208000 0.495349 0.064000 0.144186
15 0.188000 0.276744 0.080000 0.302326
15 0.268000 0.490698 0.060000 0.144186
15 0.326000 0.490698 0.056000 0.144186
15 0.606000 0.372093 0.064000 0.213953
15 0.660000 0.353488 0.064000 0.167442
15 0.716000 0.313953 0.068000 0.172093
15 0.760000 0.283721 0.052000 0.176744
15 0.804000 0.248837 0.048000 0.162791
15 0.844000 0.190698 0.044000 0.213953
15 0.725000 0.648837 0.050000 0.134884
15 0.480000 0.560465 0.068000 0.172093
15 0.389000 0.551163 0.106000 0.200000
15 0.296000 0.618605 0.088000 0.130233
15 0.193000 0.644186 0.110000 0.190698
15 0.675000 0.776744 0.062000 0.167442
15 0.613000 0.804651 0.062000 0.148837
15 0.562000 0.734884 0.052000 0.176744
15 0.491000 0.746512 0.078000 0.209302
15 0.438000 0.755814 0.036000 0.116279
15 0.388000 0.786047 0.076000 0.167442
15 0.319000 0.774419 0.062000 0.190698
15 0.217000 0.846512 0.158000 0.279070
