2 0.242000 0.180851 0.136000 0.101064
2 0.364000 0.288564 0.136000 0.103723
2 0.368000 0.206117 0.140000 0.114362
2 0.377000 0.909574 0.154000 0.106383
2 0.631000 0.859043 0.218000 0.127660
2 0.824000 0.805851 0.164000 0.101064
2 0.941000 0.523936 0.114000 0.122340
2 0.626000 0.517287 0.192000 0.114362
2 0.762000 0.373670 0.148000 0.109043
2 0.790000 0.059840 0.152000 0.098404
2 0.581000 0.065160 0.126000 0.103723
2 0.254000 0.836436 0.212000 0.140957
2 0.455000 0.816489 0.118000 0.122340
2 0.730000 0.780585 0.172000 0.103723
2 0.727000 0.571809 0.142000 0.085106
2 0.430000 0.728723 0.232000 0.154255
2 0.283000 0.617021 0.154000 0.127660
2 0.228000 0.457447 0.136000 0.164894
2 0.367000 0.410904 0.138000 0.146277
2 0.821000 0.301862 0.166000 0.125000
2 0.637000 0.252660 0.130000 0.138298
2 0.415000 0.146277 0.102000 0.095745
2 0.498000 0.602394 0.192000 0.135638
2 0.934000 0.117021 0.080000 0.132979
2 0.845000 0.172872 0.146000 0.132979
2 0.757000 0.211436 0.102000 0.146277
2 0.522000 0.364362 0.144000 0.148936
2 0.659000 0.339096 0.102000 0.125000
2 0.753000 0.476064 0.134000 0.111702
2 0.898000 0.042553 0.096000 0.074468
