8 0.789000 0.828000 0.250000 0.338667
8 0.395000 0.689333 0.166000 0.296000
8 0.305000 0.644000 0.142000 0.253333
8 0.215000 0.596000 0.118000 0.232000
8 0.163000 0.557333 0.102000 0.186667
8 0.079000 0.530667 0.114000 0.176000
8 0.037000 0.509333 0.074000 0.154667
19 0.146000 0.390667 0.052000 0.077333
19 0.191000 0.398667 0.042000 0.088000
19 0.227000 0.406667 0.058000 0.098667
19 0.291000 0.420000 0.086000 0.109333
19 0.390000 0.433333 0.088000 0.125333
19 0.486000 0.458667 0.116000 0.138667
19 0.664000 0.500000 0.144000 0.184000
19 0.883000 0.541333 0.202000 0.218667
