4 0.509000 0.725333 0.038000 0.117333
14 0.128000 0.776000 0.240000 0.442667
14 0.756000 0.748000 0.224000 0.445333
14 0.618000 0.630667 0.172000 0.280000
14 0.537000 0.388000 0.078000 0.109333
14 0.057000 0.621333 0.106000 0.378667
14 0.237000 0.597333 0.150000 0.373333
14 0.332000 0.545333 0.160000 0.376000
14 0.429000 0.398667 0.046000 0.109333
14 0.475000 0.485333 0.086000 0.272000
10 0.495000 0.852000 0.686000 0.290667
8 0.881000 0.812000 0.190000 0.280000
8 0.474000 0.541333 0.112000 0.181333
