14 0.045000 0.562667 0.090000 0.426667
14 0.183000 0.372000 0.138000 0.210667
14 0.265000 0.417333 0.090000 0.141333
14 0.431000 0.513333 0.098000 0.440000
14 0.500000 0.629333 0.152000 0.410667
14 0.272000 0.774667 0.140000 0.408000
14 0.045000 0.894667 0.090000 0.205333
14 0.145000 0.888000 0.122000 0.218667
14 0.262000 0.901333 0.088000 0.192000
14 0.376000 0.880000 0.124000 0.234667
14 0.339000 0.953333 0.110000 0.088000
12 0.289000 0.618667 0.578000 0.330667
14 0.956000 0.478667 0.084000 0.397333
14 0.825000 0.425333 0.146000 0.413333
12 0.725000 0.330667 0.190000 0.517333
