10 0.479000 0.720000 0.250000 0.293333
14 0.610000 0.813333 0.224000 0.368000
14 0.339000 0.812000 0.226000 0.370667
4 0.454000 0.649333 0.028000 0.114667
4 0.477000 0.622667 0.022000 0.114667
14 0.715000 0.484000 0.070000 0.178667
14 0.341000 0.546667 0.054000 0.080000
14 0.363000 0.540000 0.094000 0.141333
14 0.561000 0.538667 0.118000 0.133333
14 0.621000 0.576000 0.082000 0.128000
14 0.689000 0.716000 0.110000 0.322667
14 0.268000 0.728000 0.140000 0.362667
14 0.942000 0.874667 0.112000 0.245333
8 0.758000 0.821333 0.056000 0.352000
