10 0.669000 0.684685 0.658000 0.624625
8 0.890000 0.831832 0.216000 0.330330
8 0.159000 0.824324 0.254000 0.345345
14 0.213000 0.662162 0.306000 0.669670
14 0.266000 0.548048 0.188000 0.441441
14 0.329000 0.487988 0.114000 0.363363
14 0.410000 0.418919 0.128000 0.297297
14 0.449000 0.381381 0.078000 0.156156
14 0.302000 0.246246 0.084000 0.264264
14 0.565000 0.316817 0.110000 0.135135
14 0.702000 0.283784 0.068000 0.051051
14 0.783000 0.286787 0.062000 0.069069
14 0.942000 0.348348 0.068000 0.120120
14 0.764000 0.686186 0.328000 0.615616
14 0.778000 0.447447 0.220000 0.282282
14 0.708000 0.408408 0.108000 0.252252
14 0.684000 0.376877 0.056000 0.159159
