14 0.595000 0.573333 0.098000 0.634667
14 0.550000 0.618667 0.236000 0.570667
14 0.358000 0.712000 0.188000 0.480000
14 0.881000 0.494667 0.206000 0.557333
14 0.616000 0.218667 0.112000 0.240000
14 0.206000 0.248000 0.136000 0.234667
14 0.091000 0.605333 0.182000 0.656000
14 0.224000 0.620000 0.176000 0.658667
14 0.409000 0.568000 0.122000 0.480000
14 0.328000 0.316000 0.160000 0.360000
14 0.481000 0.316000 0.162000 0.280000
14 0.682000 0.376000 0.128000 0.357333
14 0.786000 0.368000 0.128000 0.421333
14 0.698000 0.741333 0.176000 0.389333
14 0.873000 0.725333 0.198000 0.442667
