4 0.485333 0.741000 0.122667 0.198000
4 0.269333 0.674000 0.165333 0.216000
4 0.306667 0.611000 0.133333 0.202000
4 0.418667 0.657000 0.106667 0.214000
4 0.529333 0.625000 0.120000 0.238000
4 0.561333 0.482000 0.146667 0.280000
4 0.774667 0.414000 0.120000 0.204000
4 0.668000 0.409000 0.104000 0.258000
4 0.590667 0.455000 0.088000 0.194000
4 0.400000 0.539000 0.122667 0.154000
4 0.313333 0.482000 0.098667 0.156000
4 0.341333 0.394000 0.106667 0.156000
4 0.372000 0.350000 0.077333 0.116000
4 0.432000 0.313000 0.080000 0.130000
4 0.437333 0.508000 0.117333 0.200000
4 0.598667 0.357000 0.066667 0.146000
4 0.613333 0.279000 0.064000 0.134000
4 0.640000 0.231000 0.074667 0.122000
4 0.713333 0.308000 0.077333 0.136000
4 0.817333 0.374000 0.072000 0.184000
