4 0.495000 0.470667 0.042000 0.210667
4 0.543000 0.522667 0.050000 0.224000
4 0.603000 0.453333 0.046000 0.202667
4 0.586000 0.338667 0.040000 0.144000
4 0.478000 0.902667 0.076000 0.189333
4 0.522000 0.870667 0.064000 0.253333
14 0.179000 0.630667 0.358000 0.733333
14 0.247000 0.402667 0.326000 0.544000
14 0.393000 0.337333 0.154000 0.376000
14 0.889000 0.624000 0.218000 0.746667
14 0.860000 0.452000 0.276000 0.525333
14 0.729000 0.374667 0.134000 0.376000
14 0.665000 0.236000 0.086000 0.264000
14 0.576000 0.185333 0.112000 0.184000
14 0.051000 0.332000 0.102000 0.370667
10 0.579000 0.625333 0.582000 0.744000
