14 0.647000 0.150667 0.154000 0.301333
14 0.806000 0.149333 0.124000 0.298667
4 0.666000 0.256000 0.028000 0.101333
4 0.326000 0.254667 0.028000 0.114667
4 0.254000 0.258667 0.032000 0.117333
14 0.138000 0.153333 0.120000 0.306667
8 0.934000 0.460000 0.128000 0.301333
8 0.767000 0.458667 0.162000 0.298667
8 0.205000 0.456000 0.154000 0.277333
8 0.063000 0.457333 0.126000 0.274667
14 0.421000 0.536000 0.462000 0.736000
14 0.712000 0.632000 0.400000 0.730667
14 0.941000 0.837333 0.114000 0.320000
14 0.524000 0.834667 0.216000 0.325333
14 0.269000 0.856000 0.174000 0.282667
14 0.092000 0.846667 0.184000 0.301333
14 0.350000 0.220000 0.244000 0.178667
