3 0.499000 0.218667 0.998000 0.218667
3 0.499000 0.345333 0.998000 0.413333
14 0.093000 0.656000 0.178000 0.288000
14 0.377000 0.598667 0.114000 0.413333
14 0.490000 0.529333 0.164000 0.258667
14 0.763000 0.484000 0.118000 0.386667
14 0.891000 0.413333 0.142000 0.250667
14 0.860000 0.092000 0.120000 0.152000
14 0.694000 0.109333 0.156000 0.154667
14 0.520000 0.141333 0.120000 0.154667
14 0.146000 0.194667 0.116000 0.138667
14 0.384000 0.156000 0.104000 0.136000
11 0.324000 0.850667 0.144000 0.224000
