14 0.077000 0.465333 0.034000 0.194667
14 0.112000 0.486667 0.060000 0.280000
14 0.237000 0.474667 0.042000 0.218667
14 0.291000 0.501333 0.066000 0.314667
14 0.383000 0.472000 0.042000 0.170667
14 0.431000 0.485333 0.066000 0.256000
14 0.550000 0.486667 0.044000 0.178667
14 0.678000 0.552000 0.076000 0.362667
14 0.766000 0.521333 0.060000 0.274667
14 0.850000 0.501333 0.072000 0.218667
14 0.605000 0.482667 0.034000 0.106667
14 0.971000 0.429333 0.038000 0.080000
14 0.486000 0.502667 0.032000 0.088000
