1 0.693000 0.720000 0.278000 0.309333
1 0.509000 0.710667 0.150000 0.290667
1 0.353000 0.757333 0.206000 0.368000
14 0.387000 0.606667 0.106000 0.312000
14 0.496000 0.533333 0.100000 0.256000
14 0.695000 0.597333 0.154000 0.442667
8 0.438000 0.292000 0.056000 0.088000
8 0.583000 0.296000 0.062000 0.074667
8 0.634000 0.340000 0.076000 0.098667
17 0.386000 0.384000 0.076000 0.133333
15 0.590000 0.466667 0.048000 0.085333
15 0.947000 0.389333 0.102000 0.224000
15 0.783000 0.246667 0.066000 0.162667
15 0.493000 0.400000 0.106000 0.106667
