4 0.502000 0.573446 0.028000 0.158192
4 0.588000 0.557910 0.028000 0.155367
4 0.606000 0.567797 0.024000 0.090395
4 0.540000 0.692090 0.040000 0.220339
4 0.415000 0.629944 0.022000 0.084746
4 0.411000 0.693503 0.030000 0.098870
4 0.367000 0.838983 0.042000 0.169492
14 0.546000 0.478814 0.172000 0.211864
14 0.347000 0.529661 0.086000 0.240113
14 0.265000 0.576271 0.102000 0.344633
14 0.188000 0.634181 0.104000 0.353107
14 0.108000 0.682203 0.208000 0.494350
14 0.733000 0.512712 0.106000 0.302260
14 0.882000 0.426554 0.080000 0.118644
14 0.794000 0.618644 0.240000 0.497175
14 0.853000 0.707627 0.290000 0.528249
10 0.469000 0.790960 0.598000 0.412429
4 0.636000 0.800847 0.040000 0.172316
