15 0.078402 0.262000 0.139053 0.112000
15 0.263314 0.402000 0.118343 0.100000
15 0.494083 0.529000 0.136095 0.106000
15 0.745562 0.408000 0.136095 0.104000
15 0.081361 0.754000 0.150888 0.176000
15 0.164201 0.877000 0.103550 0.142000
15 0.292899 0.877000 0.088757 0.134000
15 0.371302 0.665000 0.133136 0.102000
15 0.377219 0.573000 0.127219 0.126000
15 0.643491 0.573000 0.133136 0.098000
15 0.633136 0.655000 0.130178 0.094000
15 0.828402 0.867000 0.094675 0.150000
15 0.769231 0.862000 0.153846 0.148000
