13 0.404000 0.724000 0.112000 0.264000
13 0.296000 0.694667 0.124000 0.184000
14 0.068000 0.642667 0.044000 0.165333
14 0.120000 0.652000 0.056000 0.205333
14 0.171000 0.654667 0.054000 0.200000
14 0.180000 0.626667 0.036000 0.197333
14 0.207000 0.629333 0.042000 0.240000
14 0.292000 0.645333 0.116000 0.293333
14 0.412000 0.657333 0.124000 0.370667
14 0.518000 0.684000 0.056000 0.285333
14 0.592000 0.678667 0.044000 0.264000
14 0.629000 0.676000 0.046000 0.269333
11 0.665000 0.776000 0.098000 0.101333
14 0.684000 0.669333 0.052000 0.186667
14 0.752000 0.694667 0.060000 0.232000
14 0.806000 0.701333 0.040000 0.234667
14 0.857000 0.670667 0.062000 0.290667
14 0.708000 0.670667 0.044000 0.274667
