13 0.745000 0.398667 0.110000 0.280000
13 0.638000 0.502667 0.168000 0.461333
13 0.893000 0.493333 0.150000 0.293333
13 0.263000 0.638667 0.194000 0.488000
13 0.429000 0.782667 0.218000 0.424000
14 0.558000 0.250667 0.108000 0.154667
14 0.477000 0.249333 0.086000 0.162667
14 0.347000 0.272000 0.098000 0.133333
14 0.318000 0.250667 0.064000 0.106667
14 0.910000 0.408000 0.100000 0.480000
14 0.959000 0.506667 0.078000 0.677333
14 0.156000 0.536000 0.184000 0.586667
14 0.438000 0.592000 0.352000 0.773333
