1 0.620000 0.676000 0.204000 0.301333
1 0.543000 0.605333 0.186000 0.240000
1 0.318000 0.621333 0.224000 0.282667
14 0.304000 0.502667 0.184000 0.424000
14 0.511000 0.441333 0.118000 0.216000
14 0.614000 0.522667 0.188000 0.384000
14 0.035000 0.322667 0.054000 0.138667
14 0.093000 0.330667 0.066000 0.133333
14 0.150000 0.325333 0.052000 0.133333
14 0.091000 0.477333 0.134000 0.293333
14 0.170000 0.485333 0.100000 0.256000
14 0.221000 0.405333 0.066000 0.128000
14 0.700000 0.349333 0.068000 0.112000
14 0.763000 0.348000 0.050000 0.114667
14 0.813000 0.444000 0.070000 0.317333
14 0.871000 0.360000 0.054000 0.101333
14 0.941000 0.452000 0.098000 0.290667
