1 0.912000 0.711078 0.172000 0.296407
1 0.626000 0.657186 0.228000 0.266467
1 0.683000 0.658683 0.234000 0.251497
1 0.419000 0.634731 0.202000 0.263473
1 0.209000 0.538922 0.178000 0.263473
1 0.052000 0.461078 0.100000 0.197605
14 0.049000 0.357784 0.098000 0.248503
14 0.228000 0.438623 0.136000 0.320359
14 0.350000 0.447605 0.104000 0.236527
14 0.446000 0.529940 0.140000 0.323353
14 0.638000 0.538922 0.152000 0.287425
14 0.707000 0.546407 0.142000 0.308383
14 0.941000 0.639222 0.114000 0.332335
