1 0.519000 0.703911 0.430000 0.402235
14 0.520000 0.513966 0.252000 0.653631
14 0.090000 0.337989 0.088000 0.279330
14 0.093000 0.308659 0.166000 0.332402
14 0.180000 0.368715 0.108000 0.201117
14 0.202000 0.240223 0.092000 0.201117
14 0.245000 0.329609 0.062000 0.223464
14 0.304000 0.272346 0.100000 0.265363
14 0.277000 0.423184 0.074000 0.081006
14 0.385000 0.372905 0.090000 0.164804
14 0.550000 0.230447 0.076000 0.131285
14 0.706000 0.357542 0.136000 0.184358
14 0.820000 0.289106 0.100000 0.310056
14 0.922000 0.319832 0.096000 0.226257
14 0.928000 0.269553 0.116000 0.321229
