1 0.470000 0.720060 0.488000 0.416168
1 0.851000 0.432635 0.294000 0.344311
1 0.339000 0.299401 0.294000 0.413174
1 0.784000 0.273952 0.384000 0.482036
14 0.522000 0.139222 0.096000 0.272455
14 0.301000 0.242515 0.178000 0.485030
14 0.487000 0.502994 0.302000 0.467066
14 0.143000 0.652695 0.182000 0.598802
14 0.101000 0.889222 0.166000 0.167665
14 0.444000 0.863772 0.124000 0.134731
14 0.143000 0.562874 0.174000 0.646707
14 0.824000 0.338323 0.236000 0.670659
14 0.762000 0.260479 0.108000 0.520958
14 0.087000 0.241018 0.174000 0.482036
