14 0.879000 0.668000 0.182000 0.226667
14 0.642000 0.670667 0.204000 0.205333
14 0.640000 0.808000 0.204000 0.160000
14 0.432000 0.640000 0.184000 0.197333
14 0.238000 0.620000 0.176000 0.210667
14 0.236000 0.796000 0.172000 0.141333
14 0.234000 0.320000 0.204000 0.208000
14 0.224000 0.146667 0.196000 0.213333
14 0.446000 0.142667 0.200000 0.200000
14 0.453000 0.356000 0.222000 0.264000
14 0.653000 0.172000 0.194000 0.237333
14 0.699000 0.366667 0.270000 0.237333
14 0.887000 0.358667 0.222000 0.253333
