6 0.508000 0.462667 0.748000 0.317333
14 0.625000 0.384000 0.066000 0.074667
14 0.940000 0.258667 0.044000 0.256000
14 0.856000 0.269333 0.040000 0.229333
14 0.817000 0.266667 0.046000 0.229333
14 0.892000 0.341333 0.092000 0.368000
14 0.722000 0.241333 0.100000 0.232000
14 0.622000 0.244000 0.120000 0.152000
14 0.560000 0.244000 0.056000 0.120000
14 0.498000 0.240000 0.076000 0.160000
14 0.420000 0.269333 0.052000 0.202667
14 0.323000 0.274667 0.078000 0.240000
14 0.273000 0.288000 0.062000 0.224000
14 0.131000 0.309333 0.078000 0.304000
14 0.075000 0.333333 0.078000 0.304000
14 0.016000 0.325333 0.028000 0.309333
