5 0.886000 0.165333 0.224000 0.325333
5 0.661000 0.102667 0.234000 0.205333
5 0.269000 0.084000 0.214000 0.162667
14 0.933000 0.160000 0.050000 0.202667
14 0.670000 0.166667 0.052000 0.184000
14 0.489000 0.153333 0.050000 0.141333
14 0.435000 0.145333 0.046000 0.141333
14 0.396000 0.168000 0.036000 0.096000
14 0.281000 0.128000 0.046000 0.090667
14 0.136000 0.120000 0.040000 0.101333
14 0.172000 0.106667 0.040000 0.122667
14 0.107000 0.121333 0.026000 0.109333
14 0.087000 0.126667 0.038000 0.104000
14 0.018000 0.113333 0.036000 0.136000
14 0.051000 0.117333 0.042000 0.133333
