8 0.876000 0.725333 0.044000 0.133333
8 0.693000 0.797333 0.074000 0.138667
8 0.491000 0.896000 0.082000 0.176000
8 0.720000 0.726667 0.068000 0.120000
8 0.612000 0.852000 0.076000 0.141333
10 0.774000 0.714667 0.092000 0.122667
10 0.367000 0.909333 0.150000 0.154667
14 0.538000 0.764000 0.060000 0.248000
14 0.260000 0.900000 0.144000 0.194667
14 0.438000 0.890667 0.060000 0.197333
14 0.400000 0.786667 0.064000 0.122667
14 0.624000 0.821333 0.104000 0.192000
14 0.797000 0.714667 0.062000 0.144000
14 0.975000 0.621333 0.046000 0.208000
14 0.834000 0.696000 0.072000 0.186667
