14 0.172000 0.361333 0.164000 0.349333
14 0.260000 0.405333 0.180000 0.325333
14 0.347000 0.380000 0.086000 0.312000
14 0.403000 0.685333 0.186000 0.522667
14 0.282000 0.689333 0.172000 0.552000
14 0.618000 0.774667 0.316000 0.445333
14 0.539000 0.582667 0.106000 0.242667
14 0.778000 0.606667 0.160000 0.728000
14 0.655000 0.542667 0.126000 0.626667
14 0.546000 0.429333 0.136000 0.314667
14 0.455000 0.382667 0.150000 0.317333
14 0.548000 0.258667 0.120000 0.106667
14 0.699000 0.268000 0.086000 0.098667
