16 0.743000 0.458000 0.310000 0.236000
16 0.623000 0.332000 0.298000 0.076000
16 0.690000 0.317000 0.304000 0.074000
16 0.300000 0.404000 0.308000 0.284000
16 0.068000 0.310000 0.136000 0.192000
16 0.300000 0.236000 0.188000 0.048000
16 0.524000 0.248000 0.124000 0.060000
16 0.537000 0.235000 0.258000 0.074000
16 0.495000 0.470000 0.238000 0.248000
16 0.926000 0.255000 0.116000 0.066000
16 0.145000 0.361000 0.262000 0.218000
16 0.786000 0.244000 0.100000 0.072000
16 0.879000 0.388000 0.114000 0.228000
16 0.671000 0.257000 0.138000 0.078000
16 0.271000 0.277000 0.050000 0.058000
16 0.180000 0.249000 0.104000 0.050000
