1 0.357000 0.690667 0.190000 0.432000
1 0.120000 0.558667 0.224000 0.290667
1 0.113000 0.676000 0.138000 0.392000
1 0.856000 0.762667 0.212000 0.453333
1 0.591000 0.644000 0.106000 0.365333
1 0.672000 0.709333 0.184000 0.373333
14 0.375000 0.505333 0.226000 0.781333
14 0.119000 0.537333 0.210000 0.600000
14 0.171000 0.378667 0.070000 0.373333
14 0.240000 0.432000 0.084000 0.506667
14 0.608000 0.508000 0.156000 0.605333
14 0.706000 0.562667 0.192000 0.640000
14 0.865000 0.590667 0.210000 0.738667
