14 0.956456 0.379000 0.045045 0.094000
14 0.810811 0.407000 0.078078 0.050000
14 0.687688 0.411000 0.060060 0.054000
14 0.606607 0.394000 0.060060 0.088000
14 0.343844 0.390000 0.063063 0.100000
14 0.399399 0.399000 0.054054 0.090000
14 0.282282 0.398000 0.054054 0.104000
14 0.232733 0.392000 0.063063 0.116000
14 0.144144 0.401000 0.048048 0.106000
14 0.103604 0.408000 0.045045 0.124000
14 0.872372 0.511000 0.165165 0.166000
14 0.515015 0.538000 0.105105 0.080000
14 0.714715 0.755000 0.258258 0.054000
14 0.343844 0.478000 0.123123 0.120000
14 0.405405 0.457000 0.090090 0.078000
14 0.211712 0.527000 0.123123 0.110000
14 0.274775 0.596000 0.135135 0.160000
1 0.525526 0.748000 0.192192 0.080000
1 0.863363 0.581000 0.195195 0.070000
