5 0.811000 0.825333 0.374000 0.253333
14 0.974000 0.897333 0.048000 0.200000
14 0.917000 0.904000 0.050000 0.186667
14 0.846000 0.908000 0.060000 0.178667
14 0.821000 0.893333 0.042000 0.202667
14 0.748000 0.905333 0.060000 0.184000
14 0.602000 0.892000 0.064000 0.210667
14 0.530000 0.904000 0.076000 0.186667
14 0.481000 0.905333 0.058000 0.184000
14 0.400000 0.904000 0.040000 0.186667
14 0.363000 0.908000 0.046000 0.168000
14 0.273000 0.908000 0.074000 0.178667
14 0.220000 0.902667 0.092000 0.189333
14 0.125000 0.900000 0.070000 0.189333
14 0.066000 0.914667 0.048000 0.165333
14 0.026000 0.912000 0.044000 0.170667
